Calories,2697
Steps,2602
